CA,California,$5.412,https://gasprices.aaa.com?state=CA
WA,Washington,$5.069,https://gasprices.aaa.com?state=WA
HI,Hawaii,$4.801,https://gasprices.aaa.com?state=HI
OR,Oregon,$4.724,https://gasprices.aaa.com?state=OR
NV,Nevada,$4.621,https://gasprices.aaa.com?state=NV
AK,Alaska,$4.613,https://gasprices.aaa.com?state=AK
AZ,Arizona,$4.354,https://gasprices.aaa.com?state=AZ
UT,Utah,$4.267,https://gasprices.aaa.com?state=UT
ID,Idaho,$4.158,https://gasprices.aaa.com?state=ID
MT,Montana,$4.107,https://gasprices.aaa.com?state=MT
IL,Illinois,$3.996,https://gasprices.aaa.com?state=IL
CO,Colorado,$3.962,https://gasprices.aaa.com?state=CO
WY,Wyoming,$3.957,https://gasprices.aaa.com?state=WY
ND,North Dakota,$3.925,https://gasprices.aaa.com?state=ND
MN,Minnesota,$3.919,https://gasprices.aaa.com?state=MN
DC,District of Columbia,$3.897,https://gasprices.aaa.com?state=DC
NY,New York,$3.886,https://gasprices.aaa.com?state=NY
IA,Iowa,$3.885,https://gasprices.aaa.com?state=IA
PA,Pennsylvania,$3.857,https://gasprices.aaa.com?state=PA
SD,South Dakota,$3.853,https://gasprices.aaa.com?state=SD
ME,Maine,$3.823,https://gasprices.aaa.com?state=ME
NM,New Mexico,$3.813,https://gasprices.aaa.com?state=NM
VT,Vermont,$3.809,https://gasprices.aaa.com?state=VT
CT,Connecticut,$3.799,https://gasprices.aaa.com?state=CT
NE,Nebraska,$3.765,https://gasprices.aaa.com?state=NE
MA,Massachusetts,$3.743,https://gasprices.aaa.com?state=MA
RI,Rhode Island,$3.735,https://gasprices.aaa.com?state=RI
IN,Indiana,$3.724,https://gasprices.aaa.com?state=IN
NH,New Hampshire,$3.700,https://gasprices.aaa.com?state=NH
OK,Oklahoma,$3.699,https://gasprices.aaa.com?state=OK
NJ,New Jersey,$3.670,https://gasprices.aaa.com?state=NJ
KS,Kansas,$3.649,https://gasprices.aaa.com?state=KS
MI,Michigan,$3.640,https://gasprices.aaa.com?state=MI
MD,Maryland,$3.635,https://gasprices.aaa.com?state=MD
MO,Missouri,$3.619,https://gasprices.aaa.com?state=MO
FL,Florida,$3.616,https://gasprices.aaa.com?state=FL
WV,West Virginia,$3.612,https://gasprices.aaa.com?state=WV
WI,Wisconsin,$3.592,https://gasprices.aaa.com?state=WI
GA,Georgia,$3.570,https://gasprices.aaa.com?state=GA
VA,Virginia,$3.568,https://gasprices.aaa.com?state=VA
DE,Delaware,$3.561,https://gasprices.aaa.com?state=DE
OH,Ohio,$3.527,https://gasprices.aaa.com?state=OH
NC,North Carolina,$3.484,https://gasprices.aaa.com?state=NC
AR,Arkansas,$3.471,https://gasprices.aaa.com?state=AR
KY,Kentucky,$3.453,https://gasprices.aaa.com?state=KY
SC,South Carolina,$3.424,https://gasprices.aaa.com?state=SC
AL,Alabama,$3.383,https://gasprices.aaa.com?state=AL
TX,Texas,$3.377,https://gasprices.aaa.com?state=TX
TN,Tennessee,$3.374,https://gasprices.aaa.com?state=TN
LA,Louisiana,$3.341,https://gasprices.aaa.com?state=LA
MS,Mississippi,$3.271,https://gasprices.aaa.com?state=MS
